cyc | ls a sh srwR ce pad rdIn | srw0 srw4 mux_s1        a5 ce5 | tree_out    acc         accf av | shft   clmp relu rv | pw pout
----+------------------------- +--------------------------------+------------------------------------+--------------------+--------
  0 |  2 0  1   1  0  1     0 |    x    x xxxxxxxxxx 0  0  |        x           0           0 0 |      0    0    0 0 | 0    0
  1 |  2 0  1   0  0  1     1 |    0    0 xxxxxxxxxx 0  0  |        x           0           0 0 |      0    0    0 0 | 0    0
  2 |  2 0  1   0  0  1     2 |    0    0 0000000000 0  0  |        x           0           0 0 |      0    0    0 0 | 0    0
  3 |  2 0  1   0  0  0     3 |    0    0 0000000000 0  0  |        x           0           0 0 |      0    0    0 0 | 0    0
  4 |  2 0  1   0  0  0     4 |    0    0 0000000000 0  0  |        x           0           0 0 |      0    0    0 0 | 0    0
  5 |  2 0  1   0  0  0     5 |   -3    0 0000000000 0  0  |        x           0           0 0 |      0    0    0 0 | 0    0
  6 |  2 0  1   0  1  0     6 |   -2    0 fd00000000 0  0  |        0           0           0 0 |      0    0    0 0 | 0    0
  7 |  2 0  1   0  1  0     7 |   -2    0 fefd000000 0  0  |        0           0           0 0 |      0    0    0 0 | 0    0
  8 |  2 0  1   0  1  0     8 |   -1    0 fefefd0000 0  0  |        0           0           0 0 |      0    0    0 0 | 0    0
  9 |  2 0  1   0  1  0     9 |   -2   -3 fffefefd00 0  0  |        0           0           0 0 |      0    0    0 0 | 0    0
 10 |  2 0  1   0  1  0    10 |   -1   -2 fefffefefd 0  0  |        6           0           0 0 |      0    0    0 0 | 0    0
 11 |  2 0  1   0  1  0    11 |   -2   -2 fffefffefe 0  1  |     -158           0           0 0 |      0    0    0 0 | 0    0
 12 |  2 0  1   0  1  0    12 |   -1   -1 fefffefffe 0  1  |     -191         -98         -98 1 |      0    0    0 0 | 0    0
 13 |  2 0  1   0  1  0    13 |   -1   -2 fffefffeff 0  1  |     -353        -131        -131 1 |      0    0    0 0 | 0    0
 14 |  2 0  1   0  1  0    14 |   -1   -1 fffffefffe 0  1  |     -429        -293        -293 1 |     -1    0    0 0 | 0    0
 15 |  2 0  1   0  1  0    15 |   -1   -2 fffffffeff 0  1  |     -391        -369        -369 1 |     -1   -1    0 0 | 0    0
 16 |  2 0  1   0  1  0    16 |   -1   -1 fffffffffe 0  1  |     -301        -331        -331 1 |     -2   -1   -1 1 | 0    0
 17 |  2 0  1   0  1  0    17 |   -2   -1 ffffffffff 0  1  |     -326        -241        -241 1 |     -2   -2   -1 1 | 0   -1
 18 |  2 0  1   0  1  0    18 |   -1   -1 feffffffff 0  1  |     -303        -266        -266 1 |     -2   -2   -2 1 | 0   -1
 19 |  2 0  1   0  1  0    19 |   -1   -1 fffeffffff 0  1  |     -272        -243        -243 1 |     -1   -2   -2 1 | 0   -1
 20 |  2 0  1   0  1  0    20 |   -1   -1 fffffeffff 0  1  |     -274        -212        -212 1 |     -2   -1   -2 1 | 0   -1
 21 |  2 0  1   0  1  0    21 |   -1   -2 fffffffeff 0  1  |     -209        -214        -214 1 |     -1   -2   -1 1 | 1   -1
 22 |  2 0  1   0  1  0    22 |   -1   -1 fffffffffe 0  1  |     -207        -149        -149 1 |     -1   -1   -2 1 | 0   -1
 23 |  2 0  1   0  1  0    23 |   -1   -1 ffffffffff 0  1  |     -263        -147        -147 1 |     -1   -1   -1 1 | 0   -1
 24 |  2 0  1   0  1  0    24 |   -1   -1 ffffffffff 0  1  |     -238        -203        -203 1 |     -1   -1   -1 1 | 0   -1
 25 |  2 0  1   0  1  0    25 |   -1   -1 ffffffffff 0  1  |     -272        -178        -178 1 |     -1   -1   -1 1 | 0   -1
 26 |  2 0  1   0  1  0    26 |   -1   -1 ffffffffff 0  1  |     -274        -212        -212 1 |     -1   -1   -1 1 | 1   -1
 27 |  2 0  1   0  1  0    27 |   -1   -1 ffffffffff 0  1  |     -209        -214        -214 1 |     -1   -1   -1 1 | 0   -1
 28 |  2 0  1   0  1  0    28 |   -1   -1 ffffffffff 0  1  |     -209        -149        -149 1 |     -1   -1   -1 1 | 0   -1
 29 |  2 0  1   0  1  0    29 |   -1   -1 ffffffffff 0  1  |     -209        -149        -149 1 |     -1   -1   -1 1 | 0   -1
 30 |  2 0  1   0  1  0    30 |   -1   -1 ffffffffff 0  1  |     -209        -149        -149 1 |     -1   -1   -1 1 | 0   -1
 31 |  2 0  1   0  1  0    31 |   -1   -1 ffffffffff 0  1  |     -209        -149        -149 1 |     -1   -1   -1 1 | 1   -1
 32 |  2 0  1   0  1  0    32 |   -1   -1 ffffffffff 0  1  |     -209        -149        -149 1 |     -1   -1   -1 1 | 0   -1
 33 |  2 0  1   0  1  0    33 |   -1   -1 ffffffffff 0  1  |     -209        -149        -149 1 |     -1   -1   -1 1 | 0   -1
 34 |  2 0  1   0  1  0    34 |   -1   -1 ffffffffff 0  1  |     -209        -149        -149 1 |     -1   -1   -1 1 | 0   -1
 35 |  2 0  1   0  1  0    35 |   -2   -1 ffffffffff 0  1  |     -209        -149        -149 1 |     -1   -1   -1 1 | 0   -1
 36 |  2 0  1   0  1  0    36 |   -2   -1 feffffffff 0  1  |     -209        -149        -149 1 |     -1   -1   -1 1 | 1   -1
 37 |  2 0  1   0  1  0    37 |   -2   -1 fefeffffff 0  1  |     -209        -149        -149 1 |     -1   -1   -1 1 | 0   -1
 38 |  2 0  1   0  1  0    38 |   -1   -1 fefefeffff 0  1  |     -209        -149        -149 1 |     -1   -1   -1 1 | 0   -1
 39 |  2 0  1   0  1  0    39 |   -1   -2 fffefefeff 0  1  |     -209        -149        -149 1 |     -1   -1   -1 1 | 0   -1
 40 |  2 0  1   0  1  0    40 |   -1   -2 fffffefefe 0  1  |     -207        -149        -149 1 |     -1   -1   -1 1 | 0   -1
 41 |  2 0  1   0  1  0    41 |   -1   -2 fffffffefe 0  1  |     -261        -147        -147 1 |     -1   -1   -1 1 | 1   -1
 42 |  2 0  1   0  1  0    42 |   -1   -1 fffffffffe 0  1  |     -290        -201        -201 1 |     -1   -1   -1 1 | 0   -1
 43 |  2 0  1   0  1  0    43 |   -1   -1 ffffffffff 0  1  |     -355        -230        -230 1 |     -1   -1   -1 1 | 0   -1
 44 |  2 0  1   0  1  0    44 |   -1   -1 ffffffffff 0  1  |     -366        -295        -295 1 |     -1   -1   -1 1 | 0   -1
 45 |  2 0  1   0  1  0    45 |   -1   -1 ffffffffff 0  1  |     -337        -306        -306 1 |     -1   -1   -1 1 | 0   -1
 46 |  2 0  1   0  1  0    46 |   -1   -1 ffffffffff 0  1  |     -274        -277        -277 1 |     -2   -1   -1 1 | 1   -1
 47 |  2 0  1   0  1  0    47 |   -1   -1 ffffffffff 0  1  |     -209        -214        -214 1 |     -2   -2   -1 1 | 0   -1
 48 |  2 0  1   0  1  0    48 |   -1   -1 ffffffffff 0  1  |     -209        -149        -149 1 |     -2   -2   -2 1 | 0   -1
 49 |  2 0  1   0  1  0    49 |   -1   -1 ffffffffff 0  1  |     -209        -149        -149 1 |     -1   -2   -2 1 | 0   -1
 50 |  2 0  1   0  1  0    50 |   -1   -1 ffffffffff 0  1  |     -209        -149        -149 1 |     -1   -1   -2 1 | 0   -1
 51 |  2 0  1   0  1  0    51 |   -1   -1 ffffffffff 0  1  |     -209        -149        -149 1 |     -1   -1   -1 1 | 1   -1
 52 |  2 0  1   0  1  0    52 |   -2   -1 ffffffffff 0  1  |     -209        -149        -149 1 |     -1   -1   -1 1 | 0   -1
 53 |  2 0  1   0  1  0    53 |   -2   -1 feffffffff 0  1  |     -209        -149        -149 1 |     -1   -1   -1 1 | 0   -1
 54 |  2 0  1   0  1  0    54 |   -1   -1 fefeffffff 0  1  |     -209        -149        -149 1 |     -1   -1   -1 1 | 0   -1
 55 |  2 0  1   0  1  0    55 |   -1   -1 fffefeffff 0  1  |     -209        -149        -149 1 |     -1   -1   -1 1 | 0   -1
 56 |  2 0  1   0  1  0    56 |   -1   -2 fffffefeff 0  1  |     -209        -149        -149 1 |     -1   -1   -1 1 | 1   -1
 57 |  2 0  1   0  1  0    57 |   -1   -2 fffffffefe 0  1  |     -207        -149        -149 1 |     -1   -1   -1 1 | 0   -1
 58 |  2 0  1   0  1  0    58 |   -1   -1 fffffffffe 0  1  |     -261        -147        -147 1 |     -1   -1   -1 1 | 0   -1
 59 |  2 0  1   0  1  0    59 |   -2   -1 ffffffffff 0  1  |     -292        -201        -201 1 |     -1   -1   -1 1 | 0   -1
 60 |  2 0  1   0  1  0    60 |   -2   -1 feffffffff 0  1  |     -301        -232        -232 1 |     -1   -1   -1 1 | 0   -1
=== PROBE DONE ===
